-36
-32
100
43
-34
-69
47
56
74
58
92
53
-3
81
47
23
-29
-20
-70
-8
13
93
-11
-87
26
30
-57
-35
60
66
34
-81
81
18
30
55
-95
-4
-66
-15
-45
89
3
-25
81
-27
-75
58
-51
55
-36
100
-98
64
-45
26
56
37
86
82
-54
-4
-7
-8
-63
-14
5
-3
25
-60
20
-67
-97
14
20
24
-72
-75
-99
-87
11
-63
-99
87
13
80
19
39
51
-92
25
-54
-4
75
-32
-68
94
51
16
45
82
49
-100
-21
-50
57
-68
-9
56
37
14
-44
98
-52
-30
-96
85
49
24
-27
8
52
-15
-46
-38
42
97
26
-65
-40
-56
41
-34
64
34
62
-98
75
-85
50
-51
34
95
52
-59
41
-9
59
90
87
-18
53
85
-84
-68
2
-44
68
66
84
2
67
61
-94
63
-84
-9
-16
-1
-89
34
-93
19
-19
-47
-93
-1
37
-18
-21
-71
89
45
-20
26
17
-20
-22
10
41
-8
18
-43
38
-91
50
58
-24
-52
29
46
-81
-62
-25
86
94
-15
-91
23
-35
-71
1
3
85
-18
-64
-45
-66
91
-97
-75
32
41
-19
59
69
-16
81
55
35
50
-52
19
-68
16
36
77
62
19
89
-66
8
-77
-93
-50
-24
-34
-90
67
-74
57
67
99
31
-52
-7
98
9
-36
6
96
-54
-18
-11
-53
-25
-97
-53
-87
4
45
-82
84
26
-13
-26
99
-99
25
34
57
-1
37
1
68
56
35
28
63
59
11
62
-84
38
40
-35
-91
35
2
-74
7
23
-78
53
-13
-61
37
-72
-26
50
-3
-53
46
38
-26
-58
32
15
22
26
92
-81
80
32
-79
-6
-26
18
-44
-63
-54
-90
-82
43
-13
51
9
39
-11
-34
-96
90
-55
-64
68
77
-98
-98
73
38
90
35
-50
32
71
31
74
86
73
93
-88
83
-8
29
-10
-87
-13
-42
-78
55
-30
34
-31
32
-2
-51
-10
-61
-11
-27
-36
2
12
87
80
53
78
-61
100
-43
-30
-93
-27
8
3
-45
-36
-32
-53
-81
25
-31
9
72
93
71
-55
1
8
-41
-67
85
29
21
64
-10
60
77
93
26
-10
-24
55
-34
-1
50
9
-52
31
22
4
83
-90
59
-89
85
90
63
41
50
16
59
49
53
15
2
53
-69
35
84
-28
-8
74
89
94
-77
75
16
-78
75
39
-100
91
-92
-99
-26
65
10
-60
-84
-94
30
-28
77
52
-90
-65
-98
-73
-78
-24
-48
26
10
-8
-43
-88
20
84
-14
-43
55
74
-57
76
9
-85
-15
-73
6
100
44
3
55
28
-97
-52
-68
47
-54
-17
85
-31
-31
13
-41
40
96
-90
-7
-59
-68
17
14
-46
-3
-66
77
-82
-75
-19
-86
-72
-40
-53
-39
44
-47
-89
38
2
83
99
-74
13
-59
34
48
72
74
37
-13
89
-46
72
57
92
-66
68
48
11
94
-39
22
5
-80
-96
-1
37
-73
-89
-80
84
50
14
-53
-57
91
74
71
-7
23
50
38
98
-70
51
-16
-46
-85
49
-99
72
78
54
93
83
88
47
-71
2
15
47
-86
84
87
50
54
20
-46
-94
-31
-52
-76
9
-42
-75
81
7
16
42
0
21
-46
-24
-82
76
-46
-93
-23
92
59
96
-29
-64
-10
10
-75
-92
-14
-37
-27
44
37
-24
-90
21
-56
-67
77
53
-56
-39
-24
-74
80
7
80
65
68
-95
10
-46
-47
83
-67
88
53
-15
43
12
-30
-93
-46
-21
14
-63
26
-16
-37
-65
96
-8
39
-40
-86
-35
-11
-90
-33
-62
48
13
-15
62
76
4
-29
1
-61
39
-55
-84
38
-27
18
-7
-70
56
-40
97
22
28
25
84
95
-54
-86
-88
36
-46
68
90
-13
-58
-68
40
27
98
-79
47
-5
40
89
-42
-1
8
-83
-24
-78
71
-2
-72
8
63
71
-91
26
-15
-48
-17
-86
8
50
-78
-14
-35
-52
85
-48
90
-71
-97
-65
-31
-10
2
-83
88
88
60
30
-22
-73
36
84
16
7
93
-25
-21
100
-79
92
23
12
-77
37
94
50
56
-80
-67
52
-54
-62
-59
45
-69
76
44
56
5
38
-59
52
-45
-86
-24
-82
2
-20
-82
-43
43
73
58
3
5
67
-22
-89
87
3
33
23
47
-87
71
75
-77
-6
45
-16
35
14
12
6
49
17
-72
-35
-90
-93
-89
-17
-10
66
-8
68
-78
-78
82
-80
17
-7
76
-88
-84
19
10
-86
-18
-13
2
8
85
35
-41
14
23
0
-56
-95
33
-16
37
-20
-8
11
35
95
7
-72
-15
-68
-95
-91
-27
-88
39
86
-61
-11
17
57
-16
33
24
-66
-94
22
8
-8
26
-6
-43
-100
-45
-90
4
77
40
-37
-100
73
-10
-47
-19
-2
18
72
7
-99
-68
81
-93
68
-51
64
-78
9
-88
-52
-60
27
73
-23
32
33
-71
35
-22
-88
-83
-2
-20
-68
-26
75
51
74
3
-38
-38
-69
74
68
-86
-2
3
-27
64
86
72
-26
21
-79
46
-64
-24
-91
-56
63
78
-69
79
3
39
65
-15
20
28
16
49
-75
-40
27
-100
28
84
4
-46
-15
17
-85
76
-72
11
76
-42
-57
96
-31
40
-54
21
38
-91
-32
35
-38
78
50
-81
-69
50
89
-76
89
-19
28
99
-11
38
27
89
-99
-54
-31
-16
63
99
-53
3
21
-100
3
-10
-83
-78
36
18
68
-42
-83
92
52
-48
-76
44
86
-26
78
-25
-36
-32
42
-85
-84
-75
-32
29
92
-69
-47
-95
54
89
84
-78
88
-46
33
-94
54
67
96
93
-33
-5
31
-27
51
99
-88
34
-80
-67
-97
7
-64
-81
-35
-12
-2
-97
-61
-35
-4
-81
-22
-38
-56
-70
55
-7
-59
26
-8
-33
-77
-63
30
-58
58
-35
-23
99
49
-27
65
68
-39
-52
-2
56
-80
-45
-92
-70
69
-38
50
-14
-61
60
-4
80
38
-78
96
-71
77
92
30
88
84
-22
70
42
-39
-12
-44
5
-47
63
-35
-46
1
-66
96
-4
-94
-25
12
-69
13
-26
11
-5
61
5
16
2
37
-6
100
-97
34
-62
4
-62
-5
-74
21
85
-81
-41
24
26
44
-71
34
37
5
-85
42
-97
93
-30
99
82
54
-70
-52
-28
-34
51
-34
-86
-33
90
-88
37
51
51
80
17
-2
-62
17
18
34
42
90
12
-9
-34
84
19
-15
-91
49
64
-25
22
-82
-28
-65
-51
-79
67
-94
15
48
3
-88
58
-85
-75
4
2
2
72
-13
-40
13
50
-9
-36
66
-54
1
81
37
62
-95
-21
-71
-70
57
-65
85
78
-72
42
70
-89
-100
22
-78
32
-38
48
-22
-12
53
28
-36
-7
24
98
65
60
-35
-80
-42
-47
-36
-21
-21
90
27
22
-14
45
43
-15
-74
-46
36
9
-35
85
-64
8
-24
-25
99
-55
43
-24
6
59
48
-47
-31
89
28
8
-9
-41
-9
80
27
46
-70
48
-20
-39
-14
-27
-79
70
-25
95
-94
-63
13
48
2
2
-49
-70
24
-38
72
86
-14
49
-79
-71
79
-75
-79
-85
-31
-84
-22
-70
-100
80
-84
-20
11
-44
-59
53
-51
57
-43
-26
-76
83
-32
85
-83
-50
98
-46
3
86
-94
3
-64
-58
68
93
4
-96
-81
-89
82
34
57
-16
-58
4
35
-92
46
27
60
68
-36
-85
-96
27
79
84
5
70
61
-75
-14
4
5
-85
-25
-27
-9
-68
-99
79
-18
-2
50
-18
-13
-29
-42
52
18
-66
59
-46
47
75
-64
-64
78
74
-95
-96
77
99
77
-67
42
73
60
70
-97
-16
3
-7
62
-84
82
-46
90
-91
-98
-63
-66
-3
53
-88
-30
82
-95
-79
58
-29
-81
-83
80
88
-34
-29
-54
-49
2
51
-96
-22
25
-31
-37
53
95
-43
25
23
-30
-35
-28
35
-90
88
-57
-4
56
30
-2
-19
-28
64
41
-23
14
-61
-96
-87
-81
-62
-31
-4
-93
-73
-61
-93
48
40
-17
41
49
-13
-22
-80
49
57
-45
7
49
-59
-29
82
-39
83
18
7
-96
89
21
63
86
-60
-34
43
29
-6
-5
79
-94
80
18
11
52
-5
-78
-91
64
-8
88
83
-30
-58
-93
97
-99
64
33
-77
-28
-7
-12
21
42
41
4
-97
12
84
17
-97
23
-76
-15
81
26
-30
-28
-1
83
-13
0
-80
-15
97
-71
51
-41
26
22
96
77
-39
80
20
23
29
-32
-20
-60
79
5
-20
-17
3
34
-13
65
76
8
-89
10
34
94
78
35
90
-58
-29
-51
-41
49
-93
-2
