-142
111
406
925
973
-413
396
-789
309
-439
-434
268
-238
771
-203
671
-842
459
130
-13
82
-648
473
-518
-577
-885
-967
-656
-438
-458
953
324
192
-235
428
272
869
958
-728
823
780
-854
135
791
-88
49
351
525
-607
869
-614
379
193
677
252
677
-484
684
-843
-844
-876
977
509
-864
-286
623
-797
603
721
651
165
938
544
-586
-313
556
220
611
-431
-156
920
560
13
646
-834
30
167
-443
474
217
428
101
428
665
-654
651
-55
-911
-293
-306
-637
253
69
-679
-544
-632
-369
-731
596
-580
37
-608
652
-608
-925
113
-467
606
183
-61
847
16
-163
59
135
-657
-274
763
-105
-515
-931
542
-92
374
-698
-196
-231
-391
-163
912
-113
948
248
-489
248
353
-879
-471
277
284
-242
-935
765
674
-727
959
-432
-578
-974
-108
-496
-262
351
22
-577
51
-577
923
122
122
304
433
367
-145
-860
-591
-611
-991
126
958
569
-148
949
949
863
949
-308
49
261
-577
-376
516
584
603
236
956
971
-409
-290
-246
553
-909
-926
592
151
851
-139
-731
345
552
574
-552
886
-381
998
-551
182
-543
-512
227
-701
-813
517
-141
7
-708
894
677
-806
732
-725
-211
562
772
939
-278
60
-28
-556
393
134
-22
239
194
-840
-724
533
-959
-644
-259
-997
866
-398
788
406
975
-288
-225
808
-37
-854
787
113
-597
-601
460
-149
-893
-913
-603
608
892
-385
-727
560
-442
-696
919
-311
-516
543
-647
-428
-236
599
-997
-65
-123
-151
859
481
513
-494
436
540
584
567
516
-34
-478
-966
-302
445
-265
522
-488
-29
-926
108
362
-902
-37
-205
540
-737
80
386
-530
-213
776
925
-684
-857
-472
336
928
470
-746
-54
-903
-398
-603
233
440
-284
929
632
479
-602
804
-688
931
836
439
-543
204
-40
-241
-373
222
671
-645
-595
231
-813
170
-709
958
612
241
371
378
244
-269
-597
-704
-405
-42
-274
797
637
533
-790
222
106
-366
-300
662
-940
-629
860
-580
-506
290
-568
-618
-88
819
-202
432
165
-551
-776
582
243
-817
-315
-335
877
-205
-518
814
-737
208
-58
164
409
744
-196
-314
899
535
-138
872
-185
917
-938
622
-794
-23
-225
272
-762
-792
561
-971
-161
930
-799
-365
19
-549
-445
212
325
421
-884
-333
-177
-261
936
-983
56
633
-980
433
613
245
399
-329
651
-849
-368
797
812
-278
994
31
932
543
377
324
-714
-716
-805
812
733
398
767
-914
383
-739
335
67
675
634
-418
628
977
73
623
337
-262
-860
627
-529
374
-493
-806
-727
592
953
752
-641
775
-41
960
175
904
-752
-388
-916
-482
-525
557
-375
-507
320
-451
-183
-144
-422
-471
-132
547
-585
492
-231
-354
421
694
612
632
562
-526
323
286
227
646
-119
314
878
-315
508
-356
-590
770
-823
300
342
-910
-82
287
-75
55
335
682
671
-377
-663
-636
-496
185
883
-992
-837
-264
990
626
678
-532
-68
-126
652
-174
-587
-233
-254
-548
442
776
-946
390
320
642
-337
-108
138
3
977
-185
192
117
825
-510
-363
-405
252
743
-571
45
-552
880
152
-888
-256
-217
-310
-674
941
343
-574
816
901
-466
371
-614
298
546
-126
624
600
701
531
76
-747
274
255
-552
-648
657
26
748
-817
124
-401
674
-621
805
-651
16
666
-25
-205
-688
-503
222
-19
-144
-773
-679
315
-127
-7
-586
-716
834
-344
956
-282
790
437
306
-663
-486
-462
535
-612
-718
-667
461
-306
-494
-114
548
-758
352
533
-332
-16
852
69
16
569
43
-680
-303
-674
656
56
837
-514
354
336
-773
-137
618
250
-967
-291
-707
-388
403
-799
874
905
560
-702
537
-154
862
-642
640
485
758
125
-378
-396
899
-159
-281
-570
741
-556
-242
841
493
-587
-176
904
-749
968
543
-644
-716
-641
860
403
-768
-562
-628
-674
222
882
-382
378
518
7
396
270
-593
-982
476
-346
421
943
981
-535
622
186
218
43
-604
389
-775
719
758
591
958
641
1000
946
128
-166
-16
-707
924
747
-651
-348
-333
-25
425
-922
160
157
274
-840
-922
-92
-67
527
-663
197
-376
744
79
-989
-183
-565
-878
674
238
566
720
-295
-791
-599
-598
-589
-267
525
305
245
990
87
755
31
-486
688
280
-247
-62
278
-832
-558
298
301
-608
418
284
249
777
-900
-641
-958
214
-756
-253
-997
652
809
366
318
-457
-253
207
644
-223
315
664
-49
247
-274
594
335
-608
-786
100
-491
967
-695
-3
-690
915
572
160
-244
328
-850
460
696
-20
28
-861
-47
781
-869
758
-89
-639
-591
-254
-12
-637
-574
601
127
-902
43
-396
-93
-513
753
860
-552
-380
-396
-472
663
-660
195
-918
555
967
-335
783
955
-834
790
-911
328
-613
849
432
-513
122
717
-613
-777
804
979
960
-214
788
-738
-573
-569
63
911
-510
-582
781
896
-948
-756
-498
562
726
-23
-747
-220
-342
741
74
326
-841
168
-556
462
237
-251
836
-40
680
-798
66
332
-843
964
667
-868
693
768
65
498
-241
-755
566
111
-43
771
-799
-337
769
104
-170
380
913
-156
909
-794
-753
330
592
-172
-617
-468
-952
-535
573
-688
920
-322
9
-978
-534
666
-283
-578
819
688
407
709
194
-491
-445
122
363
-372
